100
98893 17403 86330 75068 19636 59043 29162 60350 28540 27141 66801 34014 86223 31262 79693 18708 205 76215 7057 40042 20521 32927 56645 52164 79521 48500 56475 57049 78712 85275 208 28352 19281 751 53306 16710 2570 21110 50100 97563 46963 80782 28611 90829 83529 72967 12228 52205 7380 86282 37653 9293 27673 50391 89308 77930 17372 93261 14616 96519 67639 47297 70050 93487 14991 73106 75135 38396 45561 30739 19589 38837 57097 21415 89351 5905 24978 37003 18687 63835 29727 23821 1624 64654 94764 72443 21173 59103 73666 19158 5504 99706 85197 65382 92883 50053 1564 45126 80925 17537
1 86
2 61
3 24
4 46
5 97
6 43
7 76
8 87
9 46
10 9
11 25
12 86
13 24
14 45
15 63
16 4
17 75
18 83
19 86
20 66
21 77
22 87
23 89
24 94
25 86
26 2
27 100
28 35
29 2
30 25
31 98
32 75
33 78
34 32
35 25
36 30
37 44
38 28
39 86
40 44
41 87
42 63
43 87
44 29
45 25
46 25
47 41
48 75
49 70
50 63
51 8
52 36
53 39
54 14
55 48
56 32
57 92
58 51
59 61
60 28
61 87
62 16
63 38
64 41
65 8
66 85
67 43
68 47
69 76
70 26
71 2
72 48
73 51
74 54
75 19
76 25
77 94
78 76
79 43
80 50
81 72
82 92
83 14
84 43
85 48
86 87
88 34
89 67
90 2
91 61
92 61
93 29
94 30
95 96
96 73
97 8
98 13
99 5
100 63
